21
42
07
00
02
02
00
00
01
40
84
10
63
94
11
00
01
60
04
10
0c
00
06
00
0d
40
01
00
0e
02
00
00
2f
00
00
00
0c
40
b0
10
0d
40
b4
10
0e
40
b8
10
0f
40
bc
10
10
00
10
00
11
80
01
00
12
14
00
00
73
00
00
00
22
00
00
00
43
00
00
00
84
00
00
00
05
01
00
00
06
02
00
00
07
04
00
00
08
08
00
00
09
10
00
00
ea
1f
00
00
0b
00
04
20
00
00
04
30
00
00
04
30
00
00
04
30
00
00
04
30
00
00
04
30
00
00
04
30
00
00
04
30
00
00
04
30
00
00
04
30
c0
7e
a9
7e
0b
40
ad
13
20
45
2c
7c
40
65
2c
7c
60
85
2c
7c
80
a5
2c
7c
a0
c5
2c
7c
c0
e5
2c
7c
e0
05
2d
7c
00
26
2d
7c
14
60
86
13
00
02
50
7c
14
40
86
13
00
02
50
7c
14
20
86
13
00
02
50
7c
14
00
86
13
00
02
50
7c
14
e0
85
13
00
02
50
7c
14
c0
85
13
00
02
50
7c
14
a0
85
13
00
02
50
7c
14
80
85
13
00
02
50
7c
00
04
04
bc
01
60
06
13
c0
03
04
bc
01
40
06
13
80
03
04
bc
01
20
06
13
40
03
04
bc
01
00
06
13
00
03
04
bc
01
e0
05
13
c0
02
04
bc
01
c0
05
13
80
02
04
bc
01
a0
05
13
40
02
04
bc
01
80
05
13
00
02
04
bc
01
60
06
12
c0
01
04
bc
01
40
06
12
80
01
04
bc
01
20
06
12
40
01
04
bc
01
00
06
12
00
01
04
bc
01
e0
05
12
c0
00
04
bc
01
c0
05
12
80
00
04
bc
01
a0
05
12
40
00
04
bc
01
80
05
12
60
17
04
bc
